%YAML:1.0
image_width: 640
image_height: 480
camera_matrix: !!opencv-matrix
   rows: 3
   cols: 3
   dt: d
   data: [551.2058120831185, 0, 313.4780996927778, 0, 551.6242111989436, 243.6760183667251, 0, 0, 1]
distortion_coefficients: !!opencv-matrix
   rows: 1
   cols: 5
   dt: d
   data: [0.0665024942629166, -0.1486184700512723, 0.0005990196573493172, -0.002854447553654441, 0]