kinematics:
  shoulder:
    x: 0
    y: 0
    z: 0.08923462131144196
    roll: -0
    pitch: 0
    yaw: -3.820684719601716e-05
  upper_arm:
    x: 0.000101066289938241
    y: 0
    z: 0
    roll: 1.570151234471403
    pitch: 0
    yaw: 7.544283222291004e-05
  forearm:
    x: -0.4254313113108175
    y: 0
    z: 0
    roll: 3.141278359908597
    pitch: 3.140066482775782
    yaw: -3.141541628917382
  wrist_1:
    x: -0.3920964590664187
    y: -0.0002369459070348223
    z: 0.1105904574462217
    roll: 0.002142549637085179
    pitch: -0.0006507669448454698
    yaw: -3.497330273553209e-05
  wrist_2:
    x: -7.05220048086826e-05
    y: -0.0948032728001009
    z: 0.0001091485152103138
    roll: 1.569645011405036
    pitch: 0
    yaw: -6.911062193873384e-05
  wrist_3:
    x: 9.913761053394654e-05
    y: 0.08267024293252204
    z: 6.429786379960945e-05
    roll: 1.571574089730554
    pitch: 3.141592653589793
    yaw: 3.141576169766933
  hash: calib_16683543926985068857